1 0.5240139960937501 0.8172824223958333 0.0624755859375 0.08120765729166664
2 0.49492378242187507 0.7639248528645833 0.06911363593750001 0.07860488906249993
2 0.5677469015625001 0.7188961981770833 0.07340884218749998 0.08745441406250004
1 0.5251853703125001 0.6644974390624999 0.08356108671875005 0.08172823541666668
2 0.62924630625 0.6871418953124999 0.05193285937499992 0.08328990937499997
1 0.6741506099609376 0.75585610078125 0.06677074414062503 0.07704321510416676
2 0.6841076849609375 0.8399269104166667 0.08199920664062504 0.09005724583333337
2 0.5905895232421875 0.7954188346354166 0.05661849960937504 0.08745441406250004
1 0.40784841777343755 0.7014574052083333 0.08785626914062501 0.09422175104166672
1 0.48360006816406254 0.6306609471354166 0.06520886445312506 0.10567410781250004
2 0.5591565130859375 0.5393023171875 0.07106599804687495 0.09370117187499993
2 0.6440842152343751 0.6114001591145833 0.07614212031249999 0.07756373072916661
2 0.5712611197265626 0.4370118458333333 0.08512296679687506 0.08276939375
1 0.6503318072265625 0.5041643619791666 0.07379927617187497 0.12649653749999998
0 0.7372119189453126 0.7441434544270834 0.08434205039062502 0.09526284531250001
0 0.46407642363281254 0.4843829950520833 0.04724712382812495 0.07652260468750001
