1 0.70050749765625 0.37532526666666666 0.12182741171874999 0.12077039062499999
2 0.5185473443359375 0.3388859270833333 0.07497072226562498 0.10931806562499997
2 0.4287387013671875 0.2675689140625 0.07497069804687499 0.10098900833333335
2 0.5847324132812499 0.3446121057291667 0.062085103906249994 0.11035916041666667
1 0.5677468775390625 0.44846421875 0.07497072226562498 0.08901611979166664
1 0.5013665675781249 0.51900037109375 0.08199920625 0.1405517578125
2 0.5642326355468751 0.6181674640625 0.09137048750000006 0.13794892604166667
1 0.6528698445312501 0.6889638901041666 0.09371337890625 0.1598125458333333
2 0.4904333353515625 0.7626234372395833 0.09917998320312496 0.13846950572916666
0 0.6843029259765626 0.49219141015624995 0.08160872460937503 0.09109834010416668
