2 0.485552430078125 0.55361774765625 0.059742307812499985 0.09526287760416666
2 0.49882853046875 0.4869858265625 0.06598982812500002 0.06507024791666668
2 0.491019058203125 0.40864124296875004 0.07301836015624996 0.07808430989583333
2 0.42659111015625 0.44820396119791667 0.056618500000000044 0.07600208906249997
1 0.47403352265625004 0.6400310515625 0.05544705390624998 0.06298802708333338
1 0.5614993333984375 0.5413845380208334 0.08434205039062492 0.07287871041666669
1 0.4146817087890625 0.5361789065104167 0.07262785429687497 0.08849550885416667
0 0.54334237578125 0.73841727578125 0.07926592812499998 0.14627793593749996
0 0.40003899335937504 0.6457572619791667 0.09019911328124999 0.1035918552083333
0 0.6024988888671875 0.6392501830729167 0.06716122617187503 0.07808430989583333
