1 0.4697382927734376 0.5080685776041667 0.057789898046875 0.08849554062500005
1 0.4929714203125 0.6592918713541667 0.08785629296875 0.07235813124999997
1 0.4306910873046875 0.5830294927083333 0.078875469921875 0.07287864687499995
2 0.647012758203125 0.46720444348958334 0.06638031015624994 0.07860482552083331
2 0.5726277828125 0.49557512604166665 0.08238964062500004 0.08120768854166674
2 0.6187035083984376 0.6228525161458334 0.083951568359375 0.10879745520833334
2 0.7120264529296876 0.5541383268229167 0.09800853710937495 0.0900572140625
1 0.47910966875 0.7488285065104168 0.08278017031250001 0.08901608802083333
1 0.579656291015625 0.7183756828125 0.08238968828125 0.0760020572916666
0 0.6897695064453125 0.6962517421874999 0.06520891210937503 0.08276939375
